001:004:000:STREAM             1562084748.241078
 00 00 04 00 00 00 00 00

001:004:000:STREAM             1562084748.369137
 00 00 00 00 00 00 00 00

001:004:000:STREAM             1562084748.761391
 00 00 05 00 00 00 00 00

001:004:000:STREAM             1562084748.921478
 00 00 00 00 00 00 00 00

001:004:000:STREAM             1562084749.681714
 00 00 06 00 00 00 00 00

001:004:000:STREAM             1562084749.825920
 00 00 00 00 00 00 00 00

001:004:000:STREAM             1562084752.347139
 00 00 2C 00 00 00 00 00

001:004:000:STREAM             1562084752.475241
 00 00 00 00 00 00 00 00

001:004:000:STREAM             1562084753.203537
 00 00 28 00 00 00 00 00

001:004:000:STREAM             1562084753.347599
 00 00 00 00 00 00 00 00

001:004:000:STREAM             1562084754.732351
 00 00 29 00 00 00 00 00

001:004:000:STREAM             1562084754.844417
 00 00 00 00 00 00 00 00

001:004:000:STREAM             1562084755.972959
 00 00 3A 00 00 00 00 00

001:004:000:STREAM             1562084756.076968
 00 00 00 00 00 00 00 00

001:004:000:STREAM             1562084756.421136
 00 00 3B 00 00 00 00 00

001:004:000:STREAM             1562084756.533283
 00 00 00 00 00 00 00 00

001:004:000:STREAM             1562084756.797329
 00 00 3C 00 00 00 00 00

001:004:000:STREAM             1562084756.933364
 00 00 00 00 00 00 00 00

001:004:000:STREAM             1562084757.165616
 00 00 3D 00 00 00 00 00

001:004:000:STREAM             1562084757.301631
 00 00 00 00 00 00 00 00

001:004:000:STREAM             1562084757.557618
 00 00 3E 00 00 00 00 00

001:004:000:STREAM             1562084757.669744
 00 00 00 00 00 00 00 00

001:004:000:STREAM             1562084757.829945
 00 00 3F 00 00 00 00 00

001:004:000:STREAM             1562084757.949975
 00 00 00 00 00 00 00 00

001:004:000:STREAM             1562084758.142088
 00 00 40 00 00 00 00 00

001:004:000:STREAM             1562084758.238150
 00 00 00 00 00 00 00 00

001:004:000:STREAM             1562084758.438176
 00 00 41 00 00 00 00 00

001:004:000:STREAM             1562084758.526281
 00 00 00 00 00 00 00 00

001:004:000:STREAM             1562084758.710306
 00 00 42 00 00 00 00 00

001:004:000:STREAM             1562084758.822431
 00 00 00 00 00 00 00 00

001:004:000:STREAM             1562084759.015267
 00 00 43 00 00 00 00 00

001:004:000:STREAM             1562084759.118588
 00 00 00 00 00 00 00 00

001:004:000:STREAM             1562084759.334692
 00 00 44 00 00 00 00 00

001:004:000:STREAM             1562084759.422730
 00 00 00 00 00 00 00 00

001:004:000:STREAM             1562084759.646732
 00 00 45 00 00 00 00 00

001:004:000:STREAM             1562084759.742834
 00 00 00 00 00 00 00 00

001:004:001:STREAM             1562084759.959010
 08

001:004:001:STREAM             1562084760.022927
 00

001:004:000:STREAM             1562084761.687871
 00 00 68 00 00 00 00 00

001:004:000:STREAM             1562084761.775932
 00 00 00 00 00 00 00 00

001:004:000:STREAM             1562084761.968010
 00 00 69 00 00 00 00 00

001:004:000:STREAM             1562084762.031960
 00 00 00 00 00 00 00 00

001:004:000:STREAM             1562084762.231993
 00 00 6A 00 00 00 00 00

001:004:000:STREAM             1562084762.320060
 00 00 00 00 00 00 00 00

001:004:000:STREAM             1562084762.888338
 00 00 6B 00 00 00 00 00

001:004:000:STREAM             1562084762.984426
 00 00 00 00 00 00 00 00

001:004:000:STREAM             1562084763.272657
 00 00 6C 00 00 00 00 00

001:004:000:STREAM             1562084763.376857
 00 00 00 00 00 00 00 00

001:004:000:STREAM             1562084763.568634
 00 00 6D 00 00 00 00 00

001:004:000:STREAM             1562084763.681652
 00 00 00 00 00 00 00 00

001:004:000:STREAM             1562084763.888959
 00 00 6E 00 00 00 00 00

001:004:000:STREAM             1562084763.952910
 00 00 00 00 00 00 00 00

