001:004:000:STREAM             1562084800.122918
 00 00 3A 00 00 00 00 00

001:004:000:STREAM             1562084800.227015
 00 00 00 00 00 00 00 00

001:004:000:STREAM             1562084800.619300
 00 00 3B 00 00 00 00 00

001:004:000:STREAM             1562084800.731191
 00 00 00 00 00 00 00 00

001:004:000:STREAM             1562084801.067432
 00 00 3C 00 00 00 00 00

001:004:000:STREAM             1562084801.203523
 00 00 00 00 00 00 00 00

001:004:000:STREAM             1562084801.435625
 00 00 3D 00 00 00 00 00

001:004:000:STREAM             1562084801.579679
 00 00 00 00 00 00 00 00

001:004:000:STREAM             1562084801.803800
 00 00 3E 00 00 00 00 00

001:004:000:STREAM             1562084801.931835
 00 00 00 00 00 00 00 00

001:004:000:STREAM             1562084802.132028
 00 00 3F 00 00 00 00 00

001:004:000:STREAM             1562084802.260099
 00 00 00 00 00 00 00 00

001:004:000:STREAM             1562084802.452187
 00 00 40 00 00 00 00 00

001:004:000:STREAM             1562084802.564229
 00 00 00 00 00 00 00 00

001:004:000:STREAM             1562084802.788346
 00 00 41 00 00 00 00 00

001:004:000:STREAM             1562084802.892329
 00 00 00 00 00 00 00 00

001:004:000:STREAM             1562084803.108420
 00 00 42 00 00 00 00 00

001:004:000:STREAM             1562084803.220586
 00 00 00 00 00 00 00 00

001:004:000:STREAM             1562084803.396611
 00 00 43 00 00 00 00 00

001:004:000:STREAM             1562084803.516719
 00 00 00 00 00 00 00 00

001:004:000:STREAM             1562084803.748776
 00 00 44 00 00 00 00 00

001:004:000:STREAM             1562084803.868859
 00 00 00 00 00 00 00 00

001:004:000:STREAM             1562084804.124971
 00 00 45 00 00 00 00 00

001:004:000:STREAM             1562084804.301085
 00 00 00 00 00 00 00 00

001:004:001:STREAM             1562084804.741358
 08

001:004:001:STREAM             1562084804.853377
 00

001:004:000:STREAM             1562084805.237506
 00 00 68 00 00 00 00 00

001:004:000:STREAM             1562084805.317618
 00 00 00 00 00 00 00 00

001:004:000:STREAM             1562084805.533768
 00 00 69 00 00 00 00 00

001:004:000:STREAM             1562084805.599535
 00 00 00 00 00 00 00 00

001:004:000:STREAM             1562084805.789895
 00 00 6A 00 00 00 00 00

001:004:000:STREAM             1562084805.853918
 00 00 00 00 00 00 00 00

001:004:000:STREAM             1562084806.086030
 00 00 6B 00 00 00 00 00

001:004:000:STREAM             1562084806.182063
 00 00 00 00 00 00 00 00

001:004:000:STREAM             1562084806.358176
 00 00 6C 00 00 00 00 00

001:004:000:STREAM             1562084806.462152
 00 00 00 00 00 00 00 00

001:004:000:STREAM             1562084806.662263
 00 00 6D 00 00 00 00 00

001:004:000:STREAM             1562084806.758264
 00 00 00 00 00 00 00 00

001:004:000:STREAM             1562084806.942378
 00 00 6E 00 00 00 00 00

001:004:000:STREAM             1562084807.038496
 00 00 00 00 00 00 00 00

001:004:000:STREAM             1562084810.616303
 00 00 29 00 00 00 00 00

001:004:000:STREAM             1562084810.744354
 00 00 00 00 00 00 00 00

